4
1
3
V 1
17
torch.FloatTensor
2
1 108
108 1
1
4
2
3
V 1
18
torch.FloatStorage
108
0.698182642 0.693846822 0.683516204 0.680584371 0.678530514 0.687148511 0.705990493 0.691014767 0.683208048 0.67855674 0.668939054 0.674945235 0.700848281 0.690819561 0.680027366 0.67107892 0.672294438 0.670272768 0.690198064 0.683425367 0.678385258 0.66107136 0.668495953 0.668411255 0.689695239 0.675964773 0.667857468 0.658642948 0.670265794 0.673242927 0.69325912 0.684802413 0.674494445 0.664965451 0.66392839 0.670101464 0.61920017 0.616923869 0.604735017 0.598769605 0.595186949 0.600140512 0.625585556 0.61200124 0.605262041 0.602338195 0.590169728 0.590912461 0.620011508 0.610275626 0.604431629 0.597973526 0.596098363 0.587719321 0.609977484 0.603669703 0.602840245 0.587335646 0.595444143 0.594055295 0.613711178 0.598066986 0.588730574 0.581182063 0.593892395 0.594768882 0.61605984 0.609028935 0.596196115 0.58624661 0.589163065 0.593316734 0.28266713 0.279948741 0.263231635 0.255342275 0.251115084 0.255007297 0.290011525 0.280471742 0.270750374 0.265357971 0.248623118 0.252447367 0.284722865 0.278236747 0.271388829 0.259453773 0.254366219 0.247198775 0.275374532 0.272095472 0.267879963 0.251285791 0.252753288 0.252951503 0.275019318 0.265426219 0.25087446 0.242048174 0.252778202 0.256886989 0.273518205 0.270287931 0.257299125 0.24793233 0.248193428 0.25222075
